iter_num	obj	reduced_cost
0	5391170.61	3927700.00
1	4813723.19	2688541.67
2	4512437.63	2426977.43
3	4362250.65	2145050.81
4	4326511.83	2196047.72
5	4267684.68	1871480.77
6	4195083.26	2558257.88
7	4147624.87	1954381.27
8	4131241.83	1577137.70
9	4099495.10	1918635.95
10	4076547.46	1908473.91
11	4054236.84	1728276.99
12	4043979.38	1522886.73
13	4017791.26	1505517.15
14	3997300.76	1534571.12
15	3972773.25	1273063.71
16	3958980.95	1185625.33
17	3918280.50	1624014.45
18	3894969.70	1603396.62
19	3880555.72	1239334.81
20	3875080.42	1145487.92
21	3862544.93	951371.54
22	3857402.64	1140133.90
23	3847508.95	1015196.48
24	3843921.89	818838.14
25	3832309.60	900182.36
26	3825835.69	772214.82
27	3801826.03	823493.48
28	3786897.27	1055830.59
29	3775411.76	1082700.18
30	3769071.66	777381.42
31	3759066.44	926782.08
32	3745795.41	956897.85
33	3734889.10	602518.39
34	3732861.08	716624.00
35	3729209.18	782591.20
36	3726789.71	690686.99
37	3712971.92	534240.95
38	3699667.26	700545.55
39	3696815.42	606061.12
40	3691428.33	542633.43
41	3683489.66	402495.60
42	3661252.93	764842.04
43	3647707.31	510556.35
44	3634487.02	535079.74
45	3629135.43	491153.71
46	3624450.65	518488.65
47	3611800.05	783031.14
48	3604372.57	398265.41
49	3600986.85	487869.56
50	3583956.35	780456.31
51	3581197.12	370569.68
52	3577862.04	473878.50
53	3576309.04	496189.63
54	3572588.56	422258.36
55	3570471.90	397852.89
56	3569035.07	342121.21
57	3568716.12	252790.37
58	3568355.35	388076.82
59	3564788.56	495883.72
60	3562486.71	418604.23
61	3557978.42	331955.39
62	3555244.44	347824.92
63	3553257.46	428081.43
64	3551786.67	330614.42
65	3548599.63	400827.90
66	3546814.42	313965.46
67	3543813.27	279883.80
68	3540570.13	275089.54
69	3538852.81	245661.47
70	3535424.73	350163.22
71	3531015.70	270488.85
72	3527593.07	263254.99
73	3526697.92	203506.75
74	3525589.10	201640.76
75	3524871.52	232160.67
76	3523777.63	222579.33
77	3522591.10	226704.69
78	3521797.05	147669.07
79	3518966.79	234720.22
80	3517255.11	186030.81
81	3514834.29	185466.74
82	3509087.36	192774.48
83	3505165.92	239272.08
84	3503905.94	192442.81
85	3503418.54	170998.01
86	3502630.43	211524.11
87	3501507.57	197174.35
88	3499855.16	174479.92
89	3499075.57	121573.24
90	3495581.63	169559.17
91	3491112.85	141831.68
92	3488048.85	240570.95
93	3486369.21	118796.52
94	3485558.93	127276.51
95	3484851.73	122581.88
96	3483593.49	133674.87
97	3482548.11	135024.90
98	3481951.25	114860.22
99	3481286.74	137711.33
100	3480158.73	102672.60
101	3479994.48	120104.53
102	3479695.04	118608.80
103	3479232.73	102198.68
104	3478617.85	73494.27
105	3477766.68	131465.22
106	3476582.62	136532.47
107	3474826.87	103757.32
108	3474707.15	78968.02
109	3472374.02	119384.53
110	3470270.72	103788.38
111	3469946.31	84393.18
112	3468004.29	81193.41
113	3466903.59	93933.62
114	3466102.57	82916.27
115	3465432.91	73290.78
116	3464321.09	98127.71
117	3463187.10	102524.62
118	3462888.53	66545.54
119	3462733.37	59839.94
120	3462722.91	48225.03
121	3462447.19	52007.32
122	3462140.25	62549.31
123	3461971.71	62700.09
124	3461928.09	62353.45
125	3460987.53	65789.50
126	3459947.10	68485.51
127	3458888.99	66648.54
128	3458515.12	81971.40
129	3457795.45	54606.97
130	3457718.64	66926.02
131	3457583.39	59701.06
132	3457407.99	63646.80
133	3457361.98	51501.28
134	3457229.77	42494.26
135	3456593.38	68002.25
136	3456382.59	53666.21
137	3456082.14	42753.12
138	3455413.96	47638.11
139	3455015.75	59678.73
140	3454798.43	35297.96
141	3454218.42	49972.84
142	3454108.21	48554.52
143	3453672.67	45620.73
144	3453330.25	46978.43
145	3452985.41	47197.88
146	3451796.93	54322.84
147	3451534.99	51140.47
148	3451471.47	54255.05
149	3451409.63	45743.51
150	3451328.02	36421.29
151	3450813.17	46629.95
152	3450677.55	48951.55
153	3450480.62	38142.58
154	3450332.58	40688.35
155	3450231.69	44359.29
156	3450105.08	41507.85
157	3449586.43	43934.83
158	3449545.75	34196.97
159	3449113.90	34354.79
160	3447646.56	26755.91
161	3447549.13	21786.59
162	3447459.47	31105.73
163	3447278.03	43898.90
164	3446774.62	32526.44
165	3446648.42	30939.67
166	3446607.23	22576.98
167	3446515.79	16909.63
168	3446436.60	21606.74
169	3446343.26	18184.49
170	3446335.58	24309.89
171	3446302.04	15949.71
172	3445868.72	24390.26
173	3445834.83	17793.24
174	3445413.03	23295.30
175	3445192.33	49398.34
176	3445161.83	31406.42
177	3445078.92	21064.32
178	3444636.62	39690.65
179	3444551.71	23711.42
180	3444512.99	28550.17
181	3444463.90	17826.99
182	3444334.95	28407.38
183	3444247.54	23027.36
184	3443960.02	25063.25
185	3443943.12	22383.66
186	3443913.15	18789.57
187	3443764.06	17620.40
188	3443669.77	22363.12
189	3443645.95	14589.26
190	3443645.36	15806.63
191	3443615.72	14571.71
192	3443599.52	15438.59
193	3443595.82	12360.67
194	3443586.51	16989.67
195	3443477.59	16322.03
196	3443269.25	13730.03
197	3443095.30	16968.82
198	3442852.00	16980.37
199	3442696.76	24064.38
200	3442650.01	18382.91
201	3442607.08	13561.23
202	3442584.97	13324.23
203	3442543.58	10199.38
204	3442454.82	12697.32
205	3442318.22	20726.96
206	3442309.36	9321.01
207	3442162.63	16192.58
208	3441979.92	16513.14
209	3441909.29	13517.97
210	3441871.16	10841.02
211	3441687.62	13233.06
212	3441658.53	13020.45
213	3441411.22	15523.22
214	3441391.54	10156.90
215	3441359.44	10877.57
216	3441191.68	10399.87
217	3441183.92	9498.61
218	3441073.49	10092.80
219	3441069.16	6987.27
220	3441027.68	10548.50
221	3440990.68	10097.51
222	3440952.62	8559.34
223	3440910.84	9954.80
224	3440897.14	8144.43
225	3440864.95	7872.67
226	3440833.68	6612.56
227	3440818.55	5180.80
228	3440729.57	8621.72
229	3440703.86	7363.25
230	3440698.38	6435.01
231	3440682.76	6466.60
232	3440673.96	7133.18
233	3440665.68	4551.22
234	3440637.53	8087.19
235	3440610.93	4463.44
236	3440582.61	5080.53
237	3440568.62	8087.97
238	3440564.55	4986.02
239	3440516.84	4240.31
240	3440288.25	6034.35
241	3440155.25	5730.42
242	3440125.31	7174.29
243	3440109.09	4267.26
244	3440099.47	6198.85
245	3440085.55	5159.97
246	3440083.39	4676.14
247	3440075.37	5558.71
248	3440062.48	3710.37
249	3440039.32	3721.18
250	3440032.07	4268.76
251	3440002.72	4374.80
252	3439988.64	4381.30
253	3439965.70	4040.26
254	3439930.32	3740.79
255	3439912.83	4141.83
256	3439906.37	3967.36
257	3439902.71	2935.73
258	3439869.69	3202.52
259	3439861.30	4202.00
260	3439846.51	4288.86
261	3439842.80	3248.37
262	3439823.37	3420.39
263	3439814.02	3223.05
264	3439801.86	3085.84
265	3439780.44	2152.27
266	3439740.45	2278.19
267	3439738.95	2935.92
268	3439715.63	1444.04
269	3439681.43	1103.01
270	3439670.82	1131.30
271	3439669.91	1354.30
272	3439666.87	1618.46
273	3439663.46	1272.49
274	3439654.99	1269.74
275	3439642.55	1544.26
276	3439640.11	1560.76
277	3439621.63	1081.64
278	3439612.23	1167.11
279	3439582.31	1473.76
280	3439571.66	1454.56
281	3439567.22	1194.58
282	3439541.11	1752.60
283	3439536.74	1909.01
284	3439525.72	1719.83
285	3439520.66	1244.27
286	3439515.17	1322.86
287	3439508.94	2021.30
288	3439501.04	993.40
289	3439494.92	940.21
290	3439491.57	769.27
291	3439480.22	1346.42
292	3439471.69	817.73
293	3439455.81	1478.26
294	3439452.58	1206.15
295	3439442.71	824.61
296	3439427.57	901.06
297	3439425.72	847.12
298	3439422.73	737.25
299	3439414.61	1268.66
300	3439410.62	634.21
301	3439402.37	854.86
302	3439402.27	530.48
303	3439401.56	433.86
304	3439400.93	515.90
305	3439398.14	666.66
306	3439398.00	530.29
307	3439390.90	597.84
308	3439389.90	852.80
309	3439388.77	372.13
310	3439387.13	146.55
311	3439387.08	144.98
312	3439386.75	113.73
313	3439382.25	326.77
314	3439382.12	316.15
315	3439380.58	277.98
316	3439380.49	270.91
317	3439379.35	128.87
318	3439379.31	128.87
319	3439379.27	128.87
320	3439376.09	135.98
321	3439373.87	-0.00
